,0,1,2
0,0.9090749225926646,0.7378298259347547,0.2850863241970095
1,0.8716382688629194,0.7716250321454298,0.4408346071257805
2,0.9527562378518191,0.8162524326671151,0.46262281613500966
3,0.9440970600701346,0.8301343554626098,0.5287146751025975
4,0.9466415283748968,0.8105138957656245,0.4481301226834712
5,0.9532088369567855,0.785717296433254,0.3696244215944243
6,0.7880566470603259,0.7604214640461453,0.3976347096180394
7,0.9149460675726231,0.7390472281435452,0.2704477494172225
8,0.8767374909762558,0.7660122223344412,0.43237935018937623
9,0.9558507294835364,0.8123916240525135,0.43280352069134265
10,0.953647099297605,0.7957045982583149,0.35460395290021385
11,0.9552895999733861,0.8105086136666451,0.40917499682017544
12,0.9577943884402875,0.7994304929738638,0.37836047362409175
13,0.8046550402671321,0.7551781789597977,0.35833148335452647
14,0.9281381656954901,0.7298939688724221,0.2893498398934704
15,0.8851987128461332,0.7379242117543221,0.3713257622182091
16,0.9587267644169412,0.7817433710477768,0.39304113205384295
17,0.9183545420625907,0.8032996390822286,0.44923783736731837
18,0.9552688568545271,0.7773048155994716,0.37881839605560297
19,0.9577611613156966,0.7621722409878794,0.33143629343519265
20,0.7988411710751293,0.7325746048671812,0.33180711176386235
21,0.9224420170776131,0.7394524080774135,0.2862997552738912
22,0.872367256628019,0.759155065921071,0.43486803496734494
23,0.9619053924071201,0.8151259492808812,0.46148100792837166
24,0.9614767810158661,0.8198083746781488,0.5101655774565832
25,0.9641305659664734,0.8102487793007318,0.44270673399337734
26,0.9654279406431107,0.7991923773574119,0.40387906548355745
27,0.7987064760119369,0.7463511701742311,0.37588060230037124
28,0.9004043442582423,0.7274762366681905,0.28939693644394393
29,0.8764644656064993,0.7725175859053023,0.43545986484091626
30,0.9470682364438988,0.7994480698713359,0.4263506263756963
31,0.9407630596762041,0.796046610770259,0.4758410240818878
32,0.9499752993224754,0.7954355372921806,0.4100699594015246
33,0.9511319092238019,0.7678582651611012,0.3127371832983912
34,0.7949063258060132,0.7534208804911757,0.384868669799624
